width=640
height=480

f_x=545.504069614701
f_y=546.8497802375549
c_x=321.04079872075965
c_y=252.38322059200502

k_1=-0.09152653653264466
k_2=0.19898768425745003
p_1=0.0011277865684830724
p_2=-0.0009182297183451858
k_3=-0.13428996508774338

canny_th1=50
canny_th2=150
canny_aperture=3