width=6000
height=4000

f_x=4982.68276121212
f_y=5010.066297902544
c_x=2940.168009558439
c_y=1901.5948692677864

k_1=-0.06464415565271649
k_2=-0.8006054189671109
p_1=-0.005101420596702315
p_2=0.0007277570211703298
k_3=1.6187374629496427

canny_th1=50
canny_th2=150
canny_aperture=7